1
vertices 372
0.102083 -0.228209 0.0500001 0.0894734 0.0400238 0.995185 1 0.5
-0.102083 0.228209 0.0499999 0.0894734 0.0400238 0.995185 1 0
-0.0931783 0.232192 0.0490392 0.0894734 0.0400238 0.995185 0.96875 0
-0.0931783 0.232192 0.0490392 0.0894734 0.0400238 0.995185 0.96875 0
0.110987 -0.224225 0.0490394 0.0894734 0.0400238 0.995185 0.96875 0.5
0.102083 -0.228209 0.0500001 0.0894734 0.0400238 0.995185 1 0.5
0.110987 -0.224225 0.0490394 0.264982 0.118532 0.95694 0.96875 0.5
-0.0931783 0.232192 0.0490392 0.264982 0.118532 0.95694 0.96875 0
-0.0846163 0.236022 0.0461939 0.264982 0.118532 0.95694 0.9375 0
-0.0846163 0.236022 0.0461939 0.264982 0.118532 0.95694 0.9375 0
0.119549 -0.220395 0.0461941 0.264982 0.118532 0.95694 0.9375 0.5
0.110987 -0.224225 0.0490394 0.264982 0.118532 0.95694 0.96875 0.5
0.119549 -0.220395 0.0461941 0.430307 0.192486 0.881921 0.9375 0.5
-0.0846163 0.236022 0.0461939 0.430307 0.192486 0.881921 0.9375 0
-0.0767254 0.239551 0.0415734 0.430307 0.192486 0.881921 0.90625 0
-0.0767254 0.239551 0.0415734 0.430307 0.192486 0.881921 0.90625 0
0.12744 -0.216866 0.0415736 0.430307 0.192486 0.881921 0.90625 0.5
0.119549 -0.220395 0.0461941 0.430307 0.192486 0.881921 0.9375 0.5
0.12744 -0.216866 0.0415736 0.579095 0.259042 0.773011 0.90625 0.5
-0.0767254 0.239551 0.0415734 0.579095 0.259042 0.773011 0.90625 0
-0.069809 0.242645 0.0353552 0.579095 0.259042 0.773011 0.875 0
-0.069809 0.242645 0.0353552 0.579095 0.259042 0.773011 0.875 0
0.134356 -0.213772 0.0353554 0.579095 0.259042 0.773011 0.875 0.5
0.12744 -0.216866 0.0415736 0.579095 0.259042 0.773011 0.90625 0.5
0.134356 -0.213772 0.0353554 0.70563 0.315644 0.634393 0.875 0.5
-0.069809 0.242645 0.0353552 0.70563 0.315644 0.634393 0.875 0
-0.0641329 0.245184 0.0277784 0.70563 0.315644 0.634393 0.84375 0
-0.0641329 0.245184 0.0277784 0.70563 0.315644 0.634393 0.84375 0
0.140032 -0.211233 0.0277786 0.70563 0.315644 0.634393 0.84375 0.5
0.134356 -0.213772 0.0353554 0.70563 0.315644 0.634393 0.875 0.5
0.140032 -0.211233 0.0277786 0.805048 0.360115 0.471397 0.84375 0.5
-0.0641329 0.245184 0.0277784 0.805048 0.360115 0.471397 0.84375 0
-0.0599151 0.247071 0.0191341 0.805048 0.360115 0.471397 0.8125 0
-0.0599151 0.247071 0.0191341 0.805048 0.360115 0.471397 0.8125 0
0.14425 -0.209346 0.0191343 0.805048 0.360115 0.471397 0.8125 0.5
0.140032 -0.211233 0.0277786 0.805048 0.360115 0.471397 0.84375 0.5
0.14425 -0.209346 0.0191343 0.873528 0.390748 0.290284 0.8125 0.5
-0.0599151 0.247071 0.0191341 0.873528 0.390748 0.290284 0.8125 0
-0.0573179 0.248233 0.00975442 0.873528 0.390748 0.290284 0.78125 0
-0.0573179 0.248233 0.00975442 0.873528 0.390748 0.290284 0.78125 0
0.146847 -0.208184 0.00975462 0.873528 0.390748 0.290284 0.78125 0.5
0.14425 -0.209346 0.0191343 0.873528 0.390748 0.290284 0.8125 0.5
0.146847 -0.208184 0.00975462 0.908439 0.406364 0.0980173 0.78125 0.5
-0.0573179 0.248233 0.00975442 0.908439 0.406364 0.0980173 0.78125 0
-0.0564409 0.248625 -1.00573e-07 0.908439 0.406364 0.0980173 0.75 0
-0.0564409 0.248625 -1.00573e-07 0.908439 0.406364 0.0980173 0.75 0
0.147724 -0.207792 1.00573e-07 0.908439 0.406364 0.0980173 0.75 0.5
0.146847 -0.208184 0.00975462 0.908439 0.406364 0.0980173 0.78125 0.5
0.147724 -0.207792 1.00573e-07 0.908439 0.406364 -0.0980173 0.75 0.5
-0.0564409 0.248625 -1.00573e-07 0.908439 0.406364 -0.0980173 0.75 0
-0.0573179 0.248233 -0.00975462 0.908439 0.406364 -0.0980173 0.71875 0
-0.0573179 0.248233 -0.00975462 0.908439 0.406364 -0.0980173 0.71875 0
0.146847 -0.208184 -0.00975442 0.908439 0.406364 -0.0980173 0.71875 0.5
0.147724 -0.207792 1.00573e-07 0.908439 0.406364 -0.0980173 0.75 0.5
0.146847 -0.208184 -0.00975442 0.873528 0.390748 -0.290284 0.71875 0.5
-0.0573179 0.248233 -0.00975462 0.873528 0.390748 -0.290284 0.71875 0
-0.0599151 0.247071 -0.0191343 0.873528 0.390748 -0.290284 0.6875 0
-0.0599151 0.247071 -0.0191343 0.873528 0.390748 -0.290284 0.6875 0
0.14425 -0.209346 -0.0191341 0.873528 0.390748 -0.290284 0.6875 0.5
0.146847 -0.208184 -0.00975442 0.873528 0.390748 -0.290284 0.71875 0.5
0.14425 -0.209346 -0.0191341 0.805048 0.360115 -0.471397 0.6875 0.5
-0.0599151 0.247071 -0.0191343 0.805048 0.360115 -0.471397 0.6875 0
-0.0641329 0.245184 -0.0277786 0.805048 0.360115 -0.471397 0.65625 0
-0.0641329 0.245184 -0.0277786 0.805048 0.360115 -0.471397 0.65625 0
0.140032 -0.211233 -0.0277784 0.805048 0.360115 -0.471397 0.65625 0.5
0.14425 -0.209346 -0.0191341 0.805048 0.360115 -0.471397 0.6875 0.5
0.140032 -0.211233 -0.0277784 0.705631 0.315643 -0.634393 0.65625 0.5
-0.0641329 0.245184 -0.0277786 0.705631 0.315643 -0.634393 0.65625 0
-0.069809 0.242645 -0.0353554 0.705631 0.315643 -0.634393 0.625 0
-0.069809 0.242645 -0.0353554 0.705631 0.315643 -0.634393 0.625 0
0.134356 -0.213772 -0.0353552 0.705631 0.315643 -0.634393 0.625 0.5
0.140032 -0.211233 -0.0277784 0.705631 0.315643 -0.634393 0.65625 0.5
0.134356 -0.213772 -0.0353552 0.579096 0.259042 -0.773011 0.625 0.5
-0.069809 0.242645 -0.0353554 0.579096 0.259042 -0.773011 0.625 0
-0.0767254 0.239551 -0.0415736 0.579096 0.259042 -0.773011 0.59375 0
-0.0767254 0.239551 -0.0415736 0.579096 0.259042 -0.773011 0.59375 0
0.12744 -0.216866 -0.0415734 0.579096 0.259042 -0.773011 0.59375 0.5
0.134356 -0.213772 -0.0353552 0.579096 0.259042 -0.773011 0.625 0.5
0.12744 -0.216866 -0.0415734 0.430307 0.192485 -0.881921 0.59375 0.5
-0.0767254 0.239551 -0.0415736 0.430307 0.192485 -0.881921 0.59375 0
-0.0846163 0.236022 -0.0461941 0.430307 0.192485 -0.881921 0.5625 0
-0.0846163 0.236022 -0.0461941 0.430307 0.192485 -0.881921 0.5625 0
0.119549 -0.220395 -0.0461939 0.430307 0.192485 -0.881921 0.5625 0.5
0.12744 -0.216866 -0.0415734 0.430307 0.192485 -0.881921 0.59375 0.5
0.119549 -0.220395 -0.0461939 0.264982 0.118532 -0.95694 0.5625 0.5
-0.0846163 0.236022 -0.0461941 0.264982 0.118532 -0.95694 0.5625 0
-0.0931783 0.232192 -0.0490394 0.264982 0.118532 -0.95694 0.53125 0
-0.0931783 0.232192 -0.0490394 0.264982 0.118532 -0.95694 0.53125 0
0.110987 -0.224225 -0.0490392 0.264982 0.118532 -0.95694 0.53125 0.5
0.119549 -0.220395 -0.0461939 0.264982 0.118532 -0.95694 0.5625 0.5
0.110987 -0.224225 -0.0490392 0.0894737 0.0400231 -0.995185 0.53125 0.5
-0.0931783 0.232192 -0.0490394 0.0894737 0.0400231 -0.995185 0.53125 0
-0.102083 0.228209 -0.0500001 0.0894737 0.0400231 -0.995185 0.5 0
-0.102083 0.228209 -0.0500001 0.0894737 0.0400231 -0.995185 0.5 0
0.102083 -0.228209 -0.0499999 0.0894737 0.0400231 -0.995185 0.5 0.5
0.110987 -0.224225 -0.0490392 0.0894737 0.0400231 -0.995185 0.53125 0.5
0.102083 -0.228209 -0.0499999 -0.0894734 -0.0400238 -0.995185 0.5 0.5
-0.102083 0.228209 -0.0500001 -0.0894734 -0.0400238 -0.995185 0.5 0
-0.110987 0.224225 -0.0490394 -0.0894734 -0.0400238 -0.995185 0.46875 0
-0.110987 0.224225 -0.0490394 -0.0894734 -0.0400238 -0.995185 0.46875 0
0.0931783 -0.232192 -0.0490392 -0.0894734 -0.0400238 -0.995185 0.46875 0.5
0.102083 -0.228209 -0.0499999 -0.0894734 -0.0400238 -0.995185 0.5 0.5
0.0931783 -0.232192 -0.0490392 -0.264982 -0.118532 -0.95694 0.46875 0.5
-0.110987 0.224225 -0.0490394 -0.264982 -0.118532 -0.95694 0.46875 0
-0.119549 0.220395 -0.0461941 -0.264982 -0.118532 -0.95694 0.4375 0
-0.119549 0.220395 -0.0461941 -0.264982 -0.118532 -0.95694 0.4375 0
0.0846163 -0.236022 -0.0461939 -0.264982 -0.118532 -0.95694 0.4375 0.5
0.0931783 -0.232192 -0.0490392 -0.264982 -0.118532 -0.95694 0.46875 0.5
0.0846163 -0.236022 -0.0461939 -0.430307 -0.192486 -0.881921 0.4375 0.5
-0.119549 0.220395 -0.0461941 -0.430307 -0.192486 -0.881921 0.4375 0
-0.12744 0.216866 -0.0415736 -0.430307 -0.192486 -0.881921 0.40625 0
-0.12744 0.216866 -0.0415736 -0.430307 -0.192486 -0.881921 0.40625 0
0.0767254 -0.239551 -0.0415734 -0.430307 -0.192486 -0.881921 0.40625 0.5
0.0846163 -0.236022 -0.0461939 -0.430307 -0.192486 -0.881921 0.4375 0.5
0.0767254 -0.239551 -0.0415734 -0.579095 -0.259042 -0.773011 0.40625 0.5
-0.12744 0.216866 -0.0415736 -0.579095 -0.259042 -0.773011 0.40625 0
-0.134356 0.213772 -0.0353554 -0.579095 -0.259042 -0.773011 0.375 0
-0.134356 0.213772 -0.0353554 -0.579095 -0.259042 -0.773011 0.375 0
0.069809 -0.242645 -0.0353552 -0.579095 -0.259042 -0.773011 0.375 0.5
0.0767254 -0.239551 -0.0415734 -0.579095 -0.259042 -0.773011 0.40625 0.5
0.069809 -0.242645 -0.0353552 -0.70563 -0.315644 -0.634393 0.375 0.5
-0.134356 0.213772 -0.0353554 -0.70563 -0.315644 -0.634393 0.375 0
-0.140032 0.211233 -0.0277786 -0.70563 -0.315644 -0.634393 0.34375 0
-0.140032 0.211233 -0.0277786 -0.70563 -0.315644 -0.634393 0.34375 0
0.0641329 -0.245184 -0.0277784 -0.70563 -0.315644 -0.634393 0.34375 0.5
0.069809 -0.242645 -0.0353552 -0.70563 -0.315644 -0.634393 0.375 0.5
0.0641329 -0.245184 -0.0277784 -0.805048 -0.360115 -0.471397 0.34375 0.5
-0.140032 0.211233 -0.0277786 -0.805048 -0.360115 -0.471397 0.34375 0
-0.14425 0.209346 -0.0191343 -0.805048 -0.360115 -0.471397 0.3125 0
-0.14425 0.209346 -0.0191343 -0.805048 -0.360115 -0.471397 0.3125 0
0.0599151 -0.247071 -0.0191341 -0.805048 -0.360115 -0.471397 0.3125 0.5
0.0641329 -0.245184 -0.0277784 -0.805048 -0.360115 -0.471397 0.34375 0.5
0.0599151 -0.247071 -0.0191341 -0.873528 -0.390748 -0.290284 0.3125 0.5
-0.14425 0.209346 -0.0191343 -0.873528 -0.390748 -0.290284 0.3125 0
-0.146847 0.208184 -0.00975462 -0.873528 -0.390748 -0.290284 0.28125 0
-0.146847 0.208184 -0.00975462 -0.873528 -0.390748 -0.290284 0.28125 0
0.0573179 -0.248233 -0.00975442 -0.873528 -0.390748 -0.290284 0.28125 0.5
0.0599151 -0.247071 -0.0191341 -0.873528 -0.390748 -0.290284 0.3125 0.5
0.0573179 -0.248233 -0.00975442 -0.908439 -0.406364 -0.0980173 0.28125 0.5
-0.146847 0.208184 -0.00975462 -0.908439 -0.406364 -0.0980173 0.28125 0
-0.147724 0.207792 -1.00573e-07 -0.908439 -0.406364 -0.0980173 0.25 0
-0.147724 0.207792 -1.00573e-07 -0.908439 -0.406364 -0.0980173 0.25 0
0.0564409 -0.248625 1.00573e-07 -0.908439 -0.406364 -0.0980173 0.25 0.5
0.0573179 -0.248233 -0.00975442 -0.908439 -0.406364 -0.0980173 0.28125 0.5
0.0564409 -0.248625 1.00573e-07 -0.908439 -0.406364 0.0980173 0.25 0.5
-0.147724 0.207792 -1.00573e-07 -0.908439 -0.406364 0.0980173 0.25 0
-0.146847 0.208184 0.00975442 -0.908439 -0.406364 0.0980173 0.21875 0
-0.146847 0.208184 0.00975442 -0.908439 -0.406364 0.0980173 0.21875 0
0.0573179 -0.248233 0.00975462 -0.908439 -0.406364 0.0980173 0.21875 0.5
0.0564409 -0.248625 1.00573e-07 -0.908439 -0.406364 0.0980173 0.25 0.5
0.0573179 -0.248233 0.00975462 -0.873528 -0.390748 0.290284 0.21875 0.5
-0.146847 0.208184 0.00975442 -0.873528 -0.390748 0.290284 0.21875 0
-0.14425 0.209346 0.0191341 -0.873528 -0.390748 0.290284 0.1875 0
-0.14425 0.209346 0.0191341 -0.873528 -0.390748 0.290284 0.1875 0
0.0599151 -0.247071 0.0191343 -0.873528 -0.390748 0.290284 0.1875 0.5
0.0573179 -0.248233 0.00975462 -0.873528 -0.390748 0.290284 0.21875 0.5
0.0599151 -0.247071 0.0191343 -0.805048 -0.360115 0.471397 0.1875 0.5
-0.14425 0.209346 0.0191341 -0.805048 -0.360115 0.471397 0.1875 0
-0.140032 0.211233 0.0277784 -0.805048 -0.360115 0.471397 0.15625 0
-0.140032 0.211233 0.0277784 -0.805048 -0.360115 0.471397 0.15625 0
0.0641329 -0.245184 0.0277786 -0.805048 -0.360115 0.471397 0.15625 0.5
0.0599151 -0.247071 0.0191343 -0.805048 -0.360115 0.471397 0.1875 0.5
0.0641329 -0.245184 0.0277786 -0.705631 -0.315643 0.634393 0.15625 0.5
-0.140032 0.211233 0.0277784 -0.705631 -0.315643 0.634393 0.15625 0
-0.134356 0.213772 0.0353552 -0.705631 -0.315643 0.634393 0.125 0
-0.134356 0.213772 0.0353552 -0.705631 -0.315643 0.634393 0.125 0
0.069809 -0.242645 0.0353554 -0.705631 -0.315643 0.634393 0.125 0.5
0.0641329 -0.245184 0.0277786 -0.705631 -0.315643 0.634393 0.15625 0.5
0.069809 -0.242645 0.0353554 -0.579096 -0.259042 0.773011 0.125 0.5
-0.134356 0.213772 0.0353552 -0.579096 -0.259042 0.773011 0.125 0
-0.12744 0.216866 0.0415734 -0.579096 -0.259042 0.773011 0.09375 0
-0.12744 0.216866 0.0415734 -0.579096 -0.259042 0.773011 0.09375 0
0.0767254 -0.239551 0.0415736 -0.579096 -0.259042 0.773011 0.09375 0.5
0.069809 -0.242645 0.0353554 -0.579096 -0.259042 0.773011 0.125 0.5
0.0767254 -0.239551 0.0415736 -0.430307 -0.192485 0.881921 0.09375 0.5
-0.12744 0.216866 0.0415734 -0.430307 -0.192485 0.881921 0.09375 0
-0.119549 0.220395 0.0461939 -0.430307 -0.192485 0.881921 0.0625 0
-0.119549 0.220395 0.0461939 -0.430307 -0.192485 0.881921 0.0625 0
0.0846163 -0.236022 0.0461941 -0.430307 -0.192485 0.881921 0.0625 0.5
0.0767254 -0.239551 0.0415736 -0.430307 -0.192485 0.881921 0.09375 0.5
-0.0931783 0.232192 0.0490392 -0.40833 0.912834 -4.02293e-07 0.296822 0.514612
-0.102083 0.228209 0.0499999 -0.40833 0.912834 -4.02293e-07 0.25 0.51
-0.110987 0.224225 0.0490392 -0.40833 0.912834 -4.02293e-07 0.203178 0.514612
-0.110987 0.224225 0.0490392 -0.40833 0.912834 -4.02293e-07 0.203178 0.514612
-0.119549 0.220395 0.0461939 -0.40833 0.912834 -4.02293e-07 0.158156 0.528269
-0.0931783 0.232192 0.0490392 -0.40833 0.912834 -4.02293e-07 0.296822 0.514612
-0.0931783 0.232192 0.0490392 -0.40833 0.912834 -4.02293e-07 0.296822 0.514612
-0.119549 0.220395 0.0461939 -0.40833 0.912834 -4.02293e-07 0.158156 0.528269
-0.0846163 0.236022 0.0461939 -0.40833 0.912834 -4.02293e-07 0.341844 0.528269
-0.119549 0.220395 0.0461939 -0.40833 0.912834 -4.02293e-07 0.158156 0.528269
-0.12744 0.216866 0.0415734 -0.40833 0.912834 -4.02293e-07 0.116663 0.550447
-0.0846163 0.236022 0.0461939 -0.40833 0.912834 -4.02293e-07 0.341844 0.528269
-0.0846163 0.236022 0.0461939 -0.40833 0.912834 -4.02293e-07 0.341844 0.528269
-0.12744 0.216866 0.0415734 -0.40833 0.912834 -4.02293e-07 0.116663 0.550447
-0.0767254 0.239551 0.0415734 -0.40833 0.912834 -4.02293e-07 0.383337 0.550447
-0.12744 0.216866 0.0415734 -0.40833 0.912834 -4.02293e-07 0.116663 0.550447
-0.134356 0.213772 0.0353552 -0.40833 0.912834 -4.02293e-07 0.0802944 0.580294
-0.0767254 0.239551 0.0415734 -0.40833 0.912834 -4.02293e-07 0.383337 0.550447
-0.0767254 0.239551 0.0415734 -0.40833 0.912834 -4.02293e-07 0.383337 0.550447
-0.134356 0.213772 0.0353552 -0.40833 0.912834 -4.02293e-07 0.0802944 0.580294
-0.069809 0.242645 0.0353552 -0.40833 0.912834 -4.02293e-07 0.419706 0.580294
-0.134356 0.213772 0.0353552 -0.40833 0.912834 -4.02293e-07 0.0802944 0.580294
-0.140032 0.211233 0.0277784 -0.40833 0.912834 -4.02293e-07 0.0504473 0.616663
-0.069809 0.242645 0.0353552 -0.40833 0.912834 -4.02293e-07 0.419706 0.580294
-0.069809 0.242645 0.0353552 -0.40833 0.912834 -4.02293e-07 0.419706 0.580294
-0.140032 0.211233 0.0277784 -0.40833 0.912834 -4.02293e-07 0.0504473 0.616663
-0.0641329 0.245184 0.0277784 -0.40833 0.912834 -4.02293e-07 0.449553 0.616663
-0.140032 0.211233 0.0277784 -0.40833 0.912834 -4.02293e-07 0.0504473 0.616663
-0.14425 0.209346 0.0191341 -0.40833 0.912834 -4.02293e-07 0.0282689 0.658156
-0.0641329 0.245184 0.0277784 -0.40833 0.912834 -4.02293e-07 0.449553 0.616663
-0.0641329 0.245184 0.0277784 -0.40833 0.912834 -4.02293e-07 0.449553 0.616663
-0.14425 0.209346 0.0191341 -0.40833 0.912834 -4.02293e-07 0.0282689 0.658156
-0.0599151 0.247071 0.0191341 -0.40833 0.912834 -4.02293e-07 0.471731 0.658156
-0.14425 0.209346 0.0191341 -0.40833 0.912834 -4.02293e-07 0.0282689 0.658156
-0.146847 0.208184 0.00975442 -0.40833 0.912834 -4.02293e-07 0.0146116 0.703178
-0.0599151 0.247071 0.0191341 -0.40833 0.912834 -4.02293e-07 0.471731 0.658156
-0.0599151 0.247071 0.0191341 -0.40833 0.912834 -4.02293e-07 0.471731 0.658156
-0.146847 0.208184 0.00975442 -0.40833 0.912834 -4.02293e-07 0.0146116 0.703178
-0.0573179 0.248233 0.00975442 -0.40833 0.912834 -4.02293e-07 0.485388 0.703178
-0.146847 0.208184 0.00975442 -0.40833 0.912834 -4.02293e-07 0.0146116 0.703178
-0.147724 0.207792 -1.00573e-07 -0.40833 0.912834 -4.02293e-07 0.01 0.75
-0.0573179 0.248233 0.00975442 -0.40833 0.912834 -4.02293e-07 0.485388 0.703178
-0.0573179 0.248233 0.00975442 -0.40833 0.912834 -4.02293e-07 0.485388 0.703178
-0.147724 0.207792 -1.00573e-07 -0.40833 0.912834 -4.02293e-07 0.01 0.75
-0.0564409 0.248625 -1.00573e-07 -0.40833 0.912834 -4.02293e-07 0.49 0.75
-0.147724 0.207792 -1.00573e-07 -0.40833 0.912834 -4.02293e-07 0.01 0.75
-0.146847 0.208184 -0.00975462 -0.40833 0.912834 -4.02293e-07 0.0146116 0.796822
-0.0564409 0.248625 -1.00573e-07 -0.40833 0.912834 -4.02293e-07 0.49 0.75
-0.0564409 0.248625 -1.00573e-07 -0.40833 0.912834 -4.02293e-07 0.49 0.75
-0.146847 0.208184 -0.00975462 -0.40833 0.912834 -4.02293e-07 0.0146116 0.796822
-0.0573179 0.248233 -0.00975462 -0.40833 0.912834 -4.02293e-07 0.485388 0.796822
-0.146847 0.208184 -0.00975462 -0.40833 0.912834 -4.02293e-07 0.0146116 0.796822
-0.14425 0.209346 -0.0191343 -0.40833 0.912834 -4.02293e-07 0.0282689 0.841844
-0.0573179 0.248233 -0.00975462 -0.40833 0.912834 -4.02293e-07 0.485388 0.796822
-0.0573179 0.248233 -0.00975462 -0.40833 0.912834 -4.02293e-07 0.485388 0.796822
-0.14425 0.209346 -0.0191343 -0.40833 0.912834 -4.02293e-07 0.0282689 0.841844
-0.0599151 0.247071 -0.0191343 -0.40833 0.912834 -4.02293e-07 0.471731 0.841844
-0.14425 0.209346 -0.0191343 -0.40833 0.912834 -4.02293e-07 0.0282689 0.841844
-0.140032 0.211233 -0.0277786 -0.40833 0.912834 -4.02293e-07 0.0504473 0.883337
-0.0599151 0.247071 -0.0191343 -0.40833 0.912834 -4.02293e-07 0.471731 0.841844
-0.0599151 0.247071 -0.0191343 -0.40833 0.912834 -4.02293e-07 0.471731 0.841844
-0.140032 0.211233 -0.0277786 -0.40833 0.912834 -4.02293e-07 0.0504473 0.883337
-0.0641329 0.245184 -0.0277786 -0.40833 0.912834 -4.02293e-07 0.449553 0.883337
-0.140032 0.211233 -0.0277786 -0.40833 0.912834 -4.02293e-07 0.0504473 0.883337
-0.134356 0.213772 -0.0353554 -0.40833 0.912834 -4.02293e-07 0.0802944 0.919706
-0.0641329 0.245184 -0.0277786 -0.40833 0.912834 -4.02293e-07 0.449553 0.883337
-0.0641329 0.245184 -0.0277786 -0.40833 0.912834 -4.02293e-07 0.449553 0.883337
-0.134356 0.213772 -0.0353554 -0.40833 0.912834 -4.02293e-07 0.0802944 0.919706
-0.069809 0.242645 -0.0353554 -0.40833 0.912834 -4.02293e-07 0.419706 0.919706
-0.134356 0.213772 -0.0353554 -0.40833 0.912834 -4.02293e-07 0.0802944 0.919706
-0.12744 0.216866 -0.0415736 -0.40833 0.912834 -4.02293e-07 0.116663 0.949553
-0.069809 0.242645 -0.0353554 -0.40833 0.912834 -4.02293e-07 0.419706 0.919706
-0.069809 0.242645 -0.0353554 -0.40833 0.912834 -4.02293e-07 0.419706 0.919706
-0.12744 0.216866 -0.0415736 -0.40833 0.912834 -4.02293e-07 0.116663 0.949553
-0.0767254 0.239551 -0.0415736 -0.40833 0.912834 -4.02293e-07 0.383337 0.949553
-0.12744 0.216866 -0.0415736 -0.40833 0.912834 -4.02293e-07 0.116663 0.949553
-0.119549 0.220395 -0.0461941 -0.40833 0.912834 -4.02293e-07 0.158156 0.971731
-0.0767254 0.239551 -0.0415736 -0.40833 0.912834 -4.02293e-07 0.383337 0.949553
-0.0767254 0.239551 -0.0415736 -0.40833 0.912834 -4.02293e-07 0.383337 0.949553
-0.119549 0.220395 -0.0461941 -0.40833 0.912834 -4.02293e-07 0.158156 0.971731
-0.0846163 0.236022 -0.0461941 -0.40833 0.912834 -4.02293e-07 0.341844 0.971731
-0.119549 0.220395 -0.0461941 -0.40833 0.912834 -4.02293e-07 0.158156 0.971731
-0.110987 0.224225 -0.0490394 -0.40833 0.912834 -4.02293e-07 0.203178 0.985388
-0.0846163 0.236022 -0.0461941 -0.40833 0.912834 -4.02293e-07 0.341844 0.971731
-0.0846163 0.236022 -0.0461941 -0.40833 0.912834 -4.02293e-07 0.341844 0.971731
-0.110987 0.224225 -0.0490394 -0.40833 0.912834 -4.02293e-07 0.203178 0.985388
-0.0931783 0.232192 -0.0490394 -0.40833 0.912834 -4.02293e-07 0.296822 0.985388
-0.110987 0.224225 -0.0490394 -0.40833 0.912834 -4.02293e-07 0.203178 0.985388
-0.102083 0.228209 -0.0500001 -0.40833 0.912834 -4.02293e-07 0.25 0.99
-0.0931783 0.232192 -0.0490394 -0.40833 0.912834 -4.02293e-07 0.296822 0.985388
0.0846163 -0.236022 0.0461941 -0.264982 -0.118532 0.95694 0.0625 0.5
-0.119549 0.220395 0.0461939 -0.264982 -0.118532 0.95694 0.0625 0
-0.110987 0.224225 0.0490392 -0.264982 -0.118532 0.95694 0.03125 0
-0.110987 0.224225 0.0490392 -0.264982 -0.118532 0.95694 0.03125 0
0.0931783 -0.232192 0.0490394 -0.264982 -0.118532 0.95694 0.03125 0.5
0.0846163 -0.236022 0.0461941 -0.264982 -0.118532 0.95694 0.0625 0.5
0.0931783 -0.232192 0.0490394 -0.0894737 -0.0400231 0.995185 0.03125 0.5
-0.110987 0.224225 0.0490392 -0.0894737 -0.0400231 0.995185 0.03125 0
-0.102083 0.228209 0.0499999 -0.0894737 -0.0400231 0.995185 0 0
-0.102083 0.228209 0.0499999 -0.0894737 -0.0400231 0.995185 0 0
0.102083 -0.228209 0.0500001 -0.0894737 -0.0400231 0.995185 0 0.5
0.0931783 -0.232192 0.0490394 -0.0894737 -0.0400231 0.995185 0.03125 0.5
0.102083 -0.228209 0.0500001 0.40833 -0.912834 4.02293e-07 0.75 0.51
0.110987 -0.224225 0.0490394 0.40833 -0.912834 4.02293e-07 0.796822 0.514612
0.119549 -0.220395 0.0461941 0.40833 -0.912834 4.02293e-07 0.841844 0.528269
0.119549 -0.220395 0.0461941 0.40833 -0.912834 4.02293e-07 0.841844 0.528269
0.12744 -0.216866 0.0415736 0.40833 -0.912834 4.02293e-07 0.883337 0.550447
0.102083 -0.228209 0.0500001 0.40833 -0.912834 4.02293e-07 0.75 0.51
0.102083 -0.228209 0.0500001 0.40833 -0.912834 4.02293e-07 0.75 0.51
0.12744 -0.216866 0.0415736 0.40833 -0.912834 4.02293e-07 0.883337 0.550447
0.0931783 -0.232192 0.0490394 0.40833 -0.912834 4.02293e-07 0.703178 0.514612
0.12744 -0.216866 0.0415736 0.40833 -0.912834 4.02293e-07 0.883337 0.550447
0.134356 -0.213772 0.0353554 0.40833 -0.912834 4.02293e-07 0.919706 0.580294
0.0931783 -0.232192 0.0490394 0.40833 -0.912834 4.02293e-07 0.703178 0.514612
0.0931783 -0.232192 0.0490394 0.40833 -0.912834 4.02293e-07 0.703178 0.514612
0.134356 -0.213772 0.0353554 0.40833 -0.912834 4.02293e-07 0.919706 0.580294
0.0846163 -0.236022 0.0461941 0.40833 -0.912834 4.02293e-07 0.658156 0.528269
0.134356 -0.213772 0.0353554 0.40833 -0.912834 4.02293e-07 0.919706 0.580294
0.140032 -0.211233 0.0277786 0.40833 -0.912834 4.02293e-07 0.949553 0.616663
0.0846163 -0.236022 0.0461941 0.40833 -0.912834 4.02293e-07 0.658156 0.528269
0.0846163 -0.236022 0.0461941 0.40833 -0.912834 4.02293e-07 0.658156 0.528269
0.140032 -0.211233 0.0277786 0.40833 -0.912834 4.02293e-07 0.949553 0.616663
0.0767254 -0.239551 0.0415736 0.40833 -0.912834 4.02293e-07 0.616663 0.550447
0.140032 -0.211233 0.0277786 0.40833 -0.912834 4.02293e-07 0.949553 0.616663
0.14425 -0.209346 0.0191343 0.40833 -0.912834 4.02293e-07 0.971731 0.658156
0.0767254 -0.239551 0.0415736 0.40833 -0.912834 4.02293e-07 0.616663 0.550447
0.0767254 -0.239551 0.0415736 0.40833 -0.912834 4.02293e-07 0.616663 0.550447
0.14425 -0.209346 0.0191343 0.40833 -0.912834 4.02293e-07 0.971731 0.658156
0.069809 -0.242645 0.0353554 0.40833 -0.912834 4.02293e-07 0.580294 0.580294
0.14425 -0.209346 0.0191343 0.40833 -0.912834 4.02293e-07 0.971731 0.658156
0.146847 -0.208184 0.00975462 0.40833 -0.912834 4.02293e-07 0.985388 0.703178
0.069809 -0.242645 0.0353554 0.40833 -0.912834 4.02293e-07 0.580294 0.580294
0.069809 -0.242645 0.0353554 0.40833 -0.912834 4.02293e-07 0.580294 0.580294
0.146847 -0.208184 0.00975462 0.40833 -0.912834 4.02293e-07 0.985388 0.703178
0.0641329 -0.245184 0.0277786 0.40833 -0.912834 4.02293e-07 0.550447 0.616663
0.146847 -0.208184 0.00975462 0.40833 -0.912834 4.02293e-07 0.985388 0.703178
0.147724 -0.207792 1.00573e-07 0.40833 -0.912834 4.02293e-07 0.99 0.75
0.0641329 -0.245184 0.0277786 0.40833 -0.912834 4.02293e-07 0.550447 0.616663
0.0641329 -0.245184 0.0277786 0.40833 -0.912834 4.02293e-07 0.550447 0.616663
0.147724 -0.207792 1.00573e-07 0.40833 -0.912834 4.02293e-07 0.99 0.75
0.0599151 -0.247071 0.0191343 0.40833 -0.912834 4.02293e-07 0.528269 0.658156
0.147724 -0.207792 1.00573e-07 0.40833 -0.912834 4.02293e-07 0.99 0.75
0.146847 -0.208184 -0.00975442 0.40833 -0.912834 4.02293e-07 0.985388 0.796822
0.0599151 -0.247071 0.0191343 0.40833 -0.912834 4.02293e-07 0.528269 0.658156
0.0599151 -0.247071 0.0191343 0.40833 -0.912834 4.02293e-07 0.528269 0.658156
0.146847 -0.208184 -0.00975442 0.40833 -0.912834 4.02293e-07 0.985388 0.796822
0.0573179 -0.248233 0.00975462 0.40833 -0.912834 4.02293e-07 0.514612 0.703178
0.146847 -0.208184 -0.00975442 0.40833 -0.912834 4.02293e-07 0.985388 0.796822
0.14425 -0.209346 -0.0191341 0.40833 -0.912834 4.02293e-07 0.971731 0.841844
0.0573179 -0.248233 0.00975462 0.40833 -0.912834 4.02293e-07 0.514612 0.703178
0.0573179 -0.248233 0.00975462 0.40833 -0.912834 4.02293e-07 0.514612 0.703178
0.14425 -0.209346 -0.0191341 0.40833 -0.912834 4.02293e-07 0.971731 0.841844
0.0564409 -0.248625 1.00573e-07 0.40833 -0.912834 4.02293e-07 0.51 0.75
0.14425 -0.209346 -0.0191341 0.40833 -0.912834 4.02293e-07 0.971731 0.841844
0.140032 -0.211233 -0.0277784 0.40833 -0.912834 4.02293e-07 0.949553 0.883337
0.0564409 -0.248625 1.00573e-07 0.40833 -0.912834 4.02293e-07 0.51 0.75
0.0564409 -0.248625 1.00573e-07 0.40833 -0.912834 4.02293e-07 0.51 0.75
0.140032 -0.211233 -0.0277784 0.40833 -0.912834 4.02293e-07 0.949553 0.883337
0.0573179 -0.248233 -0.00975442 0.40833 -0.912834 4.02293e-07 0.514612 0.796822
0.140032 -0.211233 -0.0277784 0.40833 -0.912834 4.02293e-07 0.949553 0.883337
0.134356 -0.213772 -0.0353552 0.40833 -0.912834 4.02293e-07 0.919706 0.919706
0.0573179 -0.248233 -0.00975442 0.40833 -0.912834 4.02293e-07 0.514612 0.796822
0.0573179 -0.248233 -0.00975442 0.40833 -0.912834 4.02293e-07 0.514612 0.796822
0.134356 -0.213772 -0.0353552 0.40833 -0.912834 4.02293e-07 0.919706 0.919706
0.0599151 -0.247071 -0.0191341 0.40833 -0.912834 4.02293e-07 0.528269 0.841844
0.134356 -0.213772 -0.0353552 0.40833 -0.912834 4.02293e-07 0.919706 0.919706
0.12744 -0.216866 -0.0415734 0.40833 -0.912834 4.02293e-07 0.883337 0.949553
0.0599151 -0.247071 -0.0191341 0.40833 -0.912834 4.02293e-07 0.528269 0.841844
0.0599151 -0.247071 -0.0191341 0.40833 -0.912834 4.02293e-07 0.528269 0.841844
0.12744 -0.216866 -0.0415734 0.40833 -0.912834 4.02293e-07 0.883337 0.949553
0.0641329 -0.245184 -0.0277784 0.40833 -0.912834 4.02293e-07 0.550447 0.883337
0.12744 -0.216866 -0.0415734 0.40833 -0.912834 4.02293e-07 0.883337 0.949553
0.119549 -0.220395 -0.0461939 0.40833 -0.912834 4.02293e-07 0.841844 0.971731
0.0641329 -0.245184 -0.0277784 0.40833 -0.912834 4.02293e-07 0.550447 0.883337
0.0641329 -0.245184 -0.0277784 0.40833 -0.912834 4.02293e-07 0.550447 0.883337
0.119549 -0.220395 -0.0461939 0.40833 -0.912834 4.02293e-07 0.841844 0.971731
0.069809 -0.242645 -0.0353552 0.40833 -0.912834 4.02293e-07 0.580294 0.919706
0.119549 -0.220395 -0.0461939 0.40833 -0.912834 4.02293e-07 0.841844 0.971731
0.110987 -0.224225 -0.0490392 0.40833 -0.912834 4.02293e-07 0.796822 0.985388
0.069809 -0.242645 -0.0353552 0.40833 -0.912834 4.02293e-07 0.580294 0.919706
0.069809 -0.242645 -0.0353552 0.40833 -0.912834 4.02293e-07 0.580294 0.919706
0.110987 -0.224225 -0.0490392 0.40833 -0.912834 4.02293e-07 0.796822 0.985388
0.0767254 -0.239551 -0.0415734 0.40833 -0.912834 4.02293e-07 0.616663 0.949553
0.110987 -0.224225 -0.0490392 0.40833 -0.912834 4.02293e-07 0.796822 0.985388
0.102083 -0.228209 -0.0499999 0.40833 -0.912834 4.02293e-07 0.75 0.99
0.0767254 -0.239551 -0.0415734 0.40833 -0.912834 4.02293e-07 0.616663 0.949553
0.0767254 -0.239551 -0.0415734 0.40833 -0.912834 4.02293e-07 0.616663 0.949553
0.102083 -0.228209 -0.0499999 0.40833 -0.912834 4.02293e-07 0.75 0.99
0.0846163 -0.236022 -0.0461939 0.40833 -0.912834 4.02293e-07 0.658156 0.971731
0.102083 -0.228209 -0.0499999 0.40833 -0.912834 4.02293e-07 0.75 0.99
0.0931783 -0.232192 -0.0490392 0.40833 -0.912834 4.02293e-07 0.703178 0.985388
0.0846163 -0.236022 -0.0461939 0.40833 -0.912834 4.02293e-07 0.658156 0.971731
material
0.0508761 0.0508761 0.0508761 0
0.8 0.8 0.8 1
0.8 0.8 0.8 25
texture assets\3DModels\Torch\dark_wood_diff_4k.jpg
