1
vertices 6
1.01886 -1.67168e-07 -1.0201 -7.80535e-08 1 -2.28248e-07 0.9999 0.000100136
1.02169 1.6699e-07 1.01901 -7.80535e-08 1 -2.28248e-07 0.000100018 9.9957e-05
-1.02311 1.68154e-07 1.02611 -7.80535e-08 1 -2.28248e-07 9.99747e-05 0.9999
-1.02311 1.68154e-07 1.02611 -7.80535e-08 1 -2.28248e-07 9.99747e-05 0.9999
-1.0177 -4.29342e-07 -1.01957 -7.80535e-08 1 -2.28248e-07 0.9999 0.9999
1.01886 -1.67168e-07 -1.0201 -7.80535e-08 1 -2.28248e-07 0.9999 0.000100136
material
0.0508761 0.0508761 0.0508761 0
0.8 0.8 0.8 1
0.8 0.8 0.8 25
texture assets\3DModels\rockObj\Rock058_1K-JPG_Color.jpg
