1
vertices 6
1.00732 2.01 -1 -5.99027e-08 1.7885e-07 1 0.9999 0.000100136
1.00732 -1.03972e-07 -1 -5.99027e-08 1.7885e-07 1 0.000100018 9.9957e-05
-1.00268 -1.03972e-07 -1 -5.99027e-08 1.7885e-07 1 9.99747e-05 0.9999
-1.00268 -1.03972e-07 -1 -5.99027e-08 1.7885e-07 1 9.99747e-05 0.9999
-1.00268 2.01 -1 -5.99027e-08 1.7885e-07 1 0.9999 0.9999
1.00732 2.01 -1 -5.99027e-08 1.7885e-07 1 0.9999 0.000100136
material
0.0508761 0.0508761 0.0508761 0
0.8 0.8 0.8 1
0.8 0.8 0.8 25
texture assets\3DModels\rockObj\Rock058_1K-JPG_Color.jpg
